1 1
1 2 3
1 3 4
2 4 6
2 7 17
3 4 8
3 6 9
3 9 4
4 5 9
4 7 8
5 7 5
5 10 2
6 8 3
6 9 9
6 11 6
7 12 8
8 10 7
9 11 11
10 12 6
11 12 3

0
1 2 50
2 3 100
3 4 10
4 5 30
6 5 80
1 6 20
1 5 110
2 5 70
2 6 60
3 6 150
5 3 40

1 1
0 1 5
0 2 3
1 3 6
1 2 2
2 4 4
2 5 2
2 3 7
3 4 -1
4 5 -2

0 1
1 2 50
2 3 100
3 4 10
4 5 30
5 6 80
6 1 20
1 5 110
2 5 70
2 6 60
3 5 40
3 6 150

0 1
0 1 4
1 2 8
2 3 7
3 4 9
4 5 10
5 3 14
5 2 4
5 6 2
6 8 6
8 2 2
6 7 1
7 8 7
7 1 11
7 0 8

0
2 1
1 3
3 2
1 4
4 5

0
0 1
1 2
2 3

0
0 1
1 2
2 0
1 3
1 4
1 6
3 5
4 5

0
2 1
1 6
3 6
3 2
1 3
6 2
4 3
5 4
5 6
6 4
5 3

1 0 5 5
1 0
0 2
2 1
0 3
3 4

1
1 2
2 5
5 7
5 8
1 4
1 3
3 6
6 10
6 9
9 11
11 12
12 15
15 19
15 20
11 13
13 16
16 21
16 22
11 14
14 17
14 18
2 8
1 8
3 11
3 10
9 18
12 19
12 20
11 20
13 22

1
1 2
2 3
2 5
3 4
3 7
4 3
4 8
5 1
5 6
6 7
7 6
7 8

1 0 5 5
2 1
1 3
3 2
1 4
4 5

1 0 8 10
1 2
2 3
3 4
1 5
5 6
6 8
6 7
6 3
4 2
1 8

1 0 6 11
1 3
1 6
2 1
3 2
3 6
4 3
5 3
5 4
5 6
6 2
6 4

1 0 7 11
1 4
3 2
3 6
4 5
5 1
5 2
5 7
6 5
6 4
7 3
7 6

1 0 6 6
5 0
4 0
5 2
2 3
3 1
4 1